-0.8431373 -0.8666667 -0.8823529 -0.6549020 -0.4666666 -0.3568627 -0.2784314 -0.1921569 -0.1294118 -0.1215686 0.0196079 0.0666667 0.0666667 0.0509804 -0.0745098 0.1686275 0.2235295 0.0823530 0.2784314 0.2941177 0.3098040 0.2313726 0.0588236 0.2392157 0.2156863 0.3647059 0.4274510 0.4509804 0.3176471 0.3098040 0.3647059 0.3098040 0.3411765 0.4117647 0.4431373 0.3882353 0.3882353 0.3960785 0.4509804 0.4352942 
-0.8352941 -0.8666667 -0.8666667 -0.6078432 -0.4352941 -0.3411765 -0.2627451 -0.1529412 -0.1294118 -0.0745098 0.0352942 0.1294118 0.1607844 0.1450981 -0.0196078 0.2078432 0.1843138 0.1215687 0.3254902 0.3176471 0.3098040 0.2627451 0.1137255 0.3725491 0.3960785 0.4509804 0.4666667 0.4745098 0.4196079 0.3647059 0.3803922 0.3725491 0.3490196 0.3960785 0.3960785 0.4196079 0.4039216 0.4196079 0.4274510 0.3803922 
-0.8196079 -0.8588235 -0.8352941 -0.5764706 -0.4039215 -0.3019608 -0.2862745 -0.1921569 -0.1686274 -0.0352941 0.1137255 0.1294118 0.2078432 0.3019608 -0.0196078 0.1215687 0.0745099 0.1215687 0.2470589 0.2313726 0.2705883 0.3647059 0.2000000 0.4352942 0.5137255 0.4745098 0.4666667 0.4039216 0.3647059 0.3333334 0.3098040 0.3019608 0.3254902 0.3803922 0.4039216 0.4196079 0.4431373 0.4196079 0.3490196 0.3098040 
-0.8196079 -0.8588235 -0.8352941 -0.6000000 -0.4039215 -0.2627451 -0.2156863 -0.2000000 -0.1686274 -0.0117647 0.0196079 0.1058824 0.2078432 0.3098040 0.0666667 0.0666667 0.0901961 0.1058824 0.2313726 0.2470589 0.2000000 0.2235295 0.1137255 0.3803922 0.4431373 0.4274510 0.3490196 0.3254902 0.2392157 0.2549020 0.2549020 0.2235295 0.2784314 0.3803922 0.4196079 0.4117647 0.3960785 0.3882353 0.3176471 0.2941177 
-0.8117647 -0.8509804 -0.8666667 -0.6156863 -0.3960784 -0.2392157 -0.1686274 -0.1607843 -0.1058823 -0.0117647 -0.0352941 0.0274510 0.1215687 0.2470589 0.1529412 0.1529412 0.1529412 0.1372550 0.2549020 0.2392157 0.1764706 0.0745099 0.0509804 0.3254902 0.3333334 0.3411765 0.2470589 0.1372550 0.1921569 0.2784314 0.3254902 0.3490196 0.3647059 0.4039216 0.4196079 0.4117647 0.3725491 0.3333334 0.3254902 0.3098040 
-0.8196079 -0.8509804 -0.8745098 -0.6313726 -0.4117647 -0.2549019 -0.1764706 -0.1137255 -0.0588235 0.0196079 0.0509804 -0.0431373 0.0431373 0.2156863 0.1294118 0.2000000 0.2000000 0.2470589 0.3019608 0.3098040 0.2549020 0.0823530 0.0588236 0.2862746 0.2941177 0.2627451 0.2941177 0.2235295 0.2549020 0.3411765 0.4274510 0.4823530 0.4901961 0.4509804 0.4352942 0.4196079 0.3803922 0.3411765 0.3647059 0.3490196 
-0.8352941 -0.8352941 -0.8666667 -0.6078432 -0.3803921 -0.2862745 -0.2156863 -0.0901961 0.0352942 0.0980393 0.1294118 0.0588236 0.0431373 0.1294118 0.1294118 0.2313726 0.2549020 0.2627451 0.3098040 0.3568628 0.2941177 0.1450981 0.1294118 0.2549020 0.2470589 0.3725491 0.4823530 0.4666667 0.4039216 0.4509804 0.4745098 0.4745098 0.4823530 0.4823530 0.4588236 0.4431373 0.4117647 0.4117647 0.4196079 0.3960785 
-0.8509804 -0.8509804 -0.8509804 -0.5529412 -0.3803921 -0.3098039 -0.2784314 -0.1843137 -0.0901961 -0.1058823 -0.0431373 -0.0196078 -0.0431373 0.0509804 0.1607844 0.2392157 0.2549020 0.2705883 0.3333334 0.3490196 0.3490196 0.1607844 0.1058824 0.1450981 0.0352942 0.0745099 0.2000000 0.1921569 0.2078432 0.2078432 0.2313726 0.2235295 0.2627451 0.4039216 0.4745098 0.4588236 0.4666667 0.4901961 0.4745098 0.4588236 
-0.8588235 -0.8745098 -0.7960784 -0.5058824 -0.3725490 -0.3333333 -0.4117647 -0.4117647 -0.3960784 -0.3960784 -0.3568627 -0.3725490 -0.3647059 -0.1529412 0.0588236 0.1843138 0.2313726 0.2627451 0.3176471 0.3647059 0.3098040 0.1294118 0.0352942 0.0352942 -0.1058823 -0.2705882 -0.2549019 -0.2078431 -0.1450980 -0.1529412 -0.0352941 0.1450981 0.2078432 0.3411765 0.4274510 0.4745098 0.4980392 0.5294118 0.5372549 0.5137255 
-0.8431373 -0.8745098 -0.7411765 -0.4823529 -0.4431372 -0.4039215 -0.4196078 -0.4431372 -0.4431372 -0.3803921 -0.3803921 -0.3411765 -0.3411765 -0.2941176 -0.1372549 0.0431373 0.1686275 0.2235295 0.3019608 0.3647059 0.2862746 0.1450981 0.0509804 -0.0196078 -0.1764706 -0.1843137 -0.2156863 -0.2313725 -0.2313725 -0.2235294 -0.2156863 0.0196079 0.2235295 0.3019608 0.3019608 0.3882353 0.4274510 0.4980392 0.5215687 0.5215687 
-0.8509804 -0.8509804 -0.6235294 -0.4980392 -0.4666666 -0.4039215 -0.3490196 -0.2156863 -0.0745098 0.0117648 -0.0117647 -0.0666667 -0.1450980 -0.2627451 -0.2313725 -0.0980392 0.0352942 0.1215687 0.2784314 0.3803922 0.3019608 0.2784314 0.1764706 0.0196079 -0.0039216 -0.0352941 -0.0274510 -0.0117647 -0.0117647 -0.0274510 -0.0823529 -0.0196078 0.0901961 0.1607844 0.3411765 0.3490196 0.3647059 0.4666667 0.5137255 0.5529412 
-0.8588235 -0.8274510 -0.5294118 -0.4588235 -0.3803921 -0.3333333 -0.2078431 0.0431373 0.2470589 0.3254902 0.3019608 0.1450981 0.0196079 -0.1450980 -0.2470588 -0.2156863 -0.0823529 0.0196079 0.2000000 0.3882353 0.3725491 0.3490196 0.2470589 0.1294118 0.0274510 -0.0039216 -0.0431373 -0.0274510 0.0980393 0.1450981 0.1921569 0.2470589 0.1921569 0.2313726 0.3098040 0.4196079 0.4039216 0.4588236 0.5137255 0.5372549 
-0.8823529 -0.7803922 -0.4431372 -0.3725490 -0.2941176 -0.2470588 -0.0745098 0.0509804 0.0980393 0.1137255 0.2549020 0.2549020 0.1215687 -0.1294118 -0.2941176 -0.2784314 -0.1294118 0.0117648 0.1686275 0.3568628 0.4274510 0.4039216 0.2862746 0.1215687 0.0274510 -0.0039216 -0.2392157 -0.3882353 -0.4117647 -0.1372549 -0.0352941 0.0196079 0.0901961 0.2235295 0.3411765 0.4352942 0.4352942 0.4588236 0.5058824 0.5137255 
-0.8745098 -0.7254902 -0.3803921 -0.3019608 -0.2862745 -0.3568627 -0.5529412 -0.7176471 -0.8352941 -0.8039216 -0.4274510 -0.3960784 0.1921569 0.1058824 -0.1058823 -0.2941176 -0.2000000 -0.0117647 0.2862746 0.4509804 0.4588236 0.4431373 0.3803922 0.2078432 0.2392157 0.0509804 -0.6313726 -0.8980392 -0.7568628 -0.4588235 -0.7568628 -0.4352941 -0.2784314 -0.5215687 -0.3098039 -0.0666667 0.0980393 0.2705883 0.4431373 0.4901961 
-0.8823529 -0.6705883 -0.2941176 -0.1764706 -0.2627451 -0.5450981 -0.5764706 -0.6000000 -0.7568628 -0.7411765 -0.6862745 -0.1921569 0.0039216 0.0666667 0.2156863 -0.2784314 -0.2235294 -0.0745098 0.2784314 0.4666667 0.5058824 0.4980392 0.4352942 0.2705883 0.3882353 0.1686275 -0.3725490 -0.6156863 -0.7647059 -0.7411765 -0.5843138 -0.1137255 -0.0196078 0.0431373 0.1921569 0.2549020 0.2862746 0.3490196 0.4509804 0.5058824 
-0.8823529 -0.6313726 -0.2549019 -0.1215686 -0.1294118 -0.1294118 -0.0431373 0.0196079 0.0666667 0.1137255 0.1450981 0.1764706 0.2078432 0.3176471 0.0509804 -0.1686274 -0.1764706 -0.0823529 0.2549020 0.4901961 0.5372549 0.5529412 0.4666667 0.4117647 0.2705883 0.2235295 0.1215687 0.0509804 0.0980393 0.2235295 0.3803922 0.4588236 0.5058824 0.5764706 0.6078432 0.6000000 0.6000000 0.5843138 0.5686275 0.5529412 
-0.8745098 -0.6000000 -0.2705882 -0.1215686 0.0666667 0.2313726 0.2313726 0.1921569 0.2235295 0.2392157 0.2392157 0.2392157 0.3098040 0.2313726 -0.0274510 -0.1137255 -0.1372549 -0.0274510 0.3176471 0.5450981 0.5607843 0.5764706 0.5137255 0.4274510 0.3176471 0.1607844 0.1058824 0.0588236 0.0980393 0.2549020 0.3803922 0.4431373 0.4431373 0.4745098 0.5058824 0.5372549 0.5764706 0.5843138 0.5764706 0.5764706 
-0.8745098 -0.5764706 -0.3254902 -0.1058823 0.1294118 0.2470589 0.2705883 0.2156863 0.1764706 0.2156863 0.2470589 0.2941177 0.2313726 0.0431373 -0.0980392 -0.1294118 -0.1294118 0.0039216 0.3411765 0.5215687 0.5686275 0.5843138 0.5529412 0.4980392 0.4196079 0.3098040 0.2470589 0.2156863 0.1686275 0.1764706 0.2078432 0.2705883 0.2941177 0.4117647 0.5058824 0.5529412 0.5843138 0.5843138 0.5529412 0.5450981 
-0.8588235 -0.5529412 -0.3098039 -0.1058823 0.0901961 0.2156863 0.2941177 0.3019608 0.2784314 0.2862746 0.2784314 0.2156863 0.1294118 0.0117648 -0.1372549 -0.2000000 -0.1529412 0.1372550 0.4196079 0.5137255 0.5921569 0.6078432 0.5764706 0.5294118 0.4196079 0.3333334 0.2549020 0.2156863 0.2000000 0.1843138 0.1450981 0.2078432 0.3019608 0.4039216 0.4901961 0.5294118 0.5215687 0.5215687 0.5215687 0.5058824 
-0.8352941 -0.6078432 -0.3098039 -0.1215686 0.0352942 0.1607844 0.2313726 0.2627451 0.2392157 0.2549020 0.2705883 0.2156863 0.2235295 0.0588236 -0.2705882 -0.2784314 -0.0588235 0.3098040 0.4980392 0.5529412 0.6313726 0.6549020 0.6000000 0.5058824 0.4117647 0.3098040 0.2392157 0.1764706 0.1686275 0.1843138 0.1686275 0.2549020 0.3568628 0.4352942 0.4980392 0.4588236 0.4588236 0.4901961 0.5058824 0.4901961 
-0.8823529 -0.6235294 -0.3254902 -0.1921569 -0.0274510 0.0823530 0.1529412 0.2078432 0.2470589 0.3098040 0.3960785 0.3803922 0.3333334 -0.1529412 -0.4117647 -0.1921569 0.1764706 0.4980392 0.6000000 0.6235294 0.5843138 0.4666667 0.4666667 0.4352942 0.2862746 0.2156863 0.1921569 0.1529412 0.1843138 0.2549020 0.2862746 0.3333334 0.4274510 0.4980392 0.5294118 0.5137255 0.5137255 0.5058824 0.4980392 0.4901961 
-0.9058824 -0.6784314 -0.3803921 -0.2862745 -0.0745098 0.0588236 0.2000000 0.2862746 0.3647059 0.4509804 0.4823530 0.4901961 0.1372550 -0.3176470 -0.2941176 -0.0117647 0.3254902 0.5372549 0.6313726 0.6470588 0.5843138 0.4823530 0.4980392 0.3882353 0.2705883 0.1058824 0.0980393 0.1372550 0.2235295 0.3254902 0.3960785 0.4352942 0.4823530 0.5450981 0.5764706 0.5607843 0.5529412 0.5372549 0.5137255 0.4901961 
-0.8901961 -0.7333333 -0.4117647 -0.2941176 -0.0823529 0.0745099 0.2392157 0.3647059 0.4666667 0.4980392 0.5058824 0.3254902 -0.2078431 -0.1294118 -0.0901961 -0.0666667 0.2235295 0.4274510 0.4666667 0.4745098 0.5450981 0.6627451 0.6313726 0.5058824 0.3725491 0.0980393 0.0352942 0.1372550 0.2549020 0.3568628 0.4196079 0.4823530 0.5137255 0.5450981 0.5529412 0.5529412 0.5450981 0.5372549 0.5215687 0.4980392 
-0.8823529 -0.7960784 -0.4274510 -0.2470588 -0.0352941 0.1607844 0.2784314 0.4352942 0.5215687 0.4901961 0.3882353 0.0117648 -0.2470588 -0.2313725 -0.3019608 -0.3490196 -0.2313725 -0.0745098 -0.0196078 -0.0980392 -0.2078431 0.0745099 0.3019608 0.3254902 0.3647059 0.1294118 -0.1137255 0.0117648 0.2549020 0.3647059 0.4352942 0.4901961 0.5137255 0.5294118 0.5215687 0.5294118 0.5137255 0.5137255 0.5215687 0.5137255 
-0.8588235 -0.8196079 -0.4431372 -0.2313725 -0.0196078 0.1686275 0.3176471 0.4274510 0.4823530 0.4588236 0.2000000 -0.0823529 -0.1529412 -0.2078431 -0.3098039 -0.2627451 -0.0823529 0.0980393 0.0745099 0.2078432 0.3019608 0.3176471 0.4509804 0.5058824 0.4823530 0.3411765 -0.1058823 -0.1372549 0.2156863 0.4274510 0.4745098 0.4980392 0.4901961 0.5058824 0.5137255 0.5137255 0.5058824 0.4980392 0.5058824 0.4980392 
-0.8666667 -0.8431373 -0.4588235 -0.2470588 -0.0431373 0.1529412 0.2862746 0.3960785 0.5137255 0.4509804 0.2549020 -0.0196078 -0.0666667 -0.0509804 -0.0196078 0.1294118 0.3960785 0.4666667 0.1215687 0.2941177 0.4666667 0.5764706 0.5686275 0.5764706 0.5215687 0.5294118 0.1764706 -0.2000000 0.0588236 0.3333334 0.4509804 0.4823530 0.4745098 0.4980392 0.5215687 0.4980392 0.4901961 0.4823530 0.4745098 0.4745098 
-0.8431373 -0.8980392 -0.5137255 -0.2470588 -0.0588235 0.1294118 0.3254902 0.4666667 0.5215687 0.4509804 0.2784314 -0.0117647 -0.0980392 -0.0352941 0.0117648 0.1843138 0.4509804 0.2627451 0.0901961 0.3568628 0.5058824 0.4901961 0.4901961 0.5058824 0.4901961 0.4666667 0.3490196 -0.0274510 -0.0117647 0.2392157 0.4274510 0.4196079 0.4431373 0.4588236 0.4901961 0.4745098 0.4666667 0.4666667 0.4431373 0.4745098 
-0.8039216 -0.8901961 -0.6862745 -0.2627451 -0.1450980 0.0039216 0.2000000 0.3882353 0.4117647 0.4196079 0.2470589 -0.0588235 -0.0823529 -0.1215686 -0.2078431 -0.2000000 0.0196079 0.1843138 0.1529412 0.2156863 0.3490196 0.4274510 0.4509804 0.4431373 0.3960785 0.3411765 0.2470589 0.2000000 0.1058824 0.2235295 0.3647059 0.4196079 0.4274510 0.4352942 0.4666667 0.4509804 0.4352942 0.4431373 0.4666667 0.4666667 
-0.8352941 -0.8509804 -0.8039216 -0.3568627 -0.2078431 -0.0666667 0.1372550 0.2784314 0.3725491 0.3568628 0.2156863 -0.1372549 -0.2313725 -0.3725490 -0.4039215 -0.3882353 -0.3411765 -0.1450980 -0.1058823 -0.1764706 -0.2392157 -0.1686274 -0.0274510 0.1294118 0.1921569 0.1843138 0.0666667 0.1137255 0.1607844 0.2156863 0.3647059 0.4117647 0.4196079 0.4039216 0.4039216 0.3960785 0.3803922 0.4039216 0.4117647 0.4274510 
-0.8588235 -0.8274510 -0.9294118 -0.5843138 -0.2313725 -0.1137255 0.0509804 0.1686275 0.2941177 0.2941177 0.2549020 -0.0274510 -0.4039215 -0.5450981 -0.7490196 -0.7568628 -0.6313726 -0.6941177 -0.6235294 -0.6862745 -0.7019608 -0.6862745 -0.6784314 -0.6705883 -0.5529412 -0.4039215 -0.2078431 -0.0039216 0.1450981 0.2627451 0.3176471 0.3411765 0.3490196 0.3960785 0.3882353 0.3647059 0.3803922 0.3960785 0.4117647 0.4274510 
-0.8588235 -0.8588235 -0.8823529 -0.8117647 -0.3882353 -0.1843137 -0.0588235 0.1137255 0.2941177 0.3803922 0.3647059 0.1843138 -0.0117647 -0.3960784 -0.6000000 -0.6313726 -0.5294118 -0.4117647 -0.2862745 -0.2627451 -0.2549019 -0.1215686 -0.1294118 -0.2313725 -0.2392157 -0.0901961 -0.1921569 -0.2470588 0.0431373 0.2313726 0.2941177 0.3254902 0.3411765 0.3803922 0.3647059 0.3647059 0.3882353 0.4196079 0.4274510 0.4039216 
-0.8196079 -0.8588235 -0.8431373 -0.9450980 -0.6470588 -0.3490196 -0.2078431 -0.0039216 0.1529412 0.2705883 0.2862746 0.2549020 0.2313726 -0.0745098 -0.2627451 -0.2156863 -0.0745098 0.0509804 0.1372550 0.1450981 0.2000000 0.3333334 0.4196079 0.4509804 0.5137255 0.5372549 0.3411765 -0.0901961 -0.1764706 0.0352942 0.2000000 0.3098040 0.3176471 0.3098040 0.2705883 0.3647059 0.3725491 0.3490196 0.3098040 0.2627451 
-0.8117647 -0.8745098 -0.8431373 -0.5372549 -0.4431372 -0.4901960 -0.3960784 -0.2078431 -0.0509804 0.0745099 0.1294118 0.1529412 0.0823530 -0.0117647 -0.1372549 -0.1137255 -0.0196078 0.0274510 0.0274510 0.0901961 0.0823530 0.1843138 0.3019608 0.3098040 0.3647059 0.3960785 0.4352942 0.3333334 0.0039216 -0.0901961 0.0901961 0.2470589 0.2862746 0.2470589 0.2156863 0.2705883 0.2549020 0.1764706 0.1215687 0.0666667 
-0.7960784 -0.8588235 -0.4431372 -0.2470588 -0.3647059 -0.5137255 -0.5137255 -0.3960784 -0.2470588 -0.1215686 -0.0352941 -0.0117647 -0.0745098 -0.0431373 -0.0039216 -0.0352941 -0.0274510 -0.0117647 0.0196079 0.0823530 0.0509804 0.0039216 0.0823530 0.2313726 0.3647059 0.3960785 0.4196079 0.4117647 0.3098040 0.1215687 0.0196079 0.0980393 0.1137255 0.1215687 0.0980393 0.0431373 0.0117648 -0.0666667 -0.1215686 -0.2313725 
-0.8666667 -0.4117647 -0.1215686 -0.3647059 -0.4431372 -0.5137255 -0.3725490 -0.4901960 -0.4980392 -0.3490196 -0.2470588 -0.2078431 -0.1529412 -0.0745098 0.0666667 0.1372550 0.2470589 0.3490196 0.3960785 0.3960785 0.4431373 0.3568628 0.3098040 0.3490196 0.3568628 0.4509804 0.4666667 0.4196079 0.3568628 0.2156863 0.0980393 -0.0117647 -0.0509804 -0.0745098 -0.1764706 -0.2235294 -0.2549019 -0.3411765 -0.4745098 -0.5686275 
-0.3568627 -0.1686274 -0.3647059 -0.4509804 -0.5372549 -0.4274510 -0.2941176 -0.5607843 -0.6078432 -0.4196078 -0.4039215 -0.3333333 -0.3411765 -0.1843137 -0.0039216 0.1058824 0.2941177 0.3882353 0.4117647 0.4431373 0.4745098 0.4509804 0.4823530 0.4823530 0.4588236 0.4666667 0.4666667 0.4117647 0.2941177 0.1215687 -0.0509804 -0.2156863 -0.2784314 -0.3176470 -0.3725490 -0.4196078 -0.5137255 -0.5843138 -0.5529412 -0.3960784 
0.0588236 0.0745099 -0.1294118 -0.3882353 -0.2784314 -0.1058823 -0.3019608 -0.6078432 -0.5215687 -0.2941176 -0.5921569 -0.4509804 -0.4274510 -0.3647059 -0.2000000 0.0117648 0.2078432 0.3019608 0.3333334 0.3254902 0.3803922 0.4039216 0.4431373 0.4745098 0.4901961 0.4352942 0.3960785 0.2941177 0.0666667 -0.1607843 -0.3647059 -0.4196078 -0.4431372 -0.4901960 -0.5529412 -0.6000000 -0.5294118 -0.3411765 -0.1921569 -0.1686274 
-0.0352941 0.1372550 0.3725491 0.1607844 0.1843138 0.0274510 -0.4196078 -0.4666666 -0.3254902 -0.2705882 -0.6392157 -0.4274510 -0.5058824 -0.6000000 -0.4039215 -0.2313725 -0.1215686 0.0431373 0.1372550 0.1450981 0.1607844 0.2392157 0.3176471 0.3019608 0.3019608 0.2470589 0.0745099 -0.1607843 -0.3882353 -0.4901960 -0.5294118 -0.5843138 -0.6392157 -0.6235294 -0.4745098 -0.2627451 -0.0901961 -0.0666667 -0.1058823 -0.1372549 
-0.1372549 -0.0666667 0.4039216 0.4196079 0.3254902 0.0039216 -0.3098039 -0.2000000 -0.2078431 -0.2549019 -0.5607843 -0.4274510 -0.4980392 -0.6470588 -0.6784314 -0.5294118 -0.3725490 -0.3568627 -0.2941176 -0.2470588 -0.2627451 -0.2470588 -0.2549019 -0.2705882 -0.3098039 -0.4196078 -0.5450981 -0.6392157 -0.6627451 -0.6705883 -0.6235294 -0.5450981 -0.3725490 -0.1607843 -0.0901961 -0.0666667 -0.0431373 -0.0509804 -0.0745098 -0.1607843 
-0.4274510 -0.1921569 0.2156863 0.4980392 0.4039216 0.0196079 -0.1137255 -0.0509804 -0.0901961 -0.2156863 -0.5450981 -0.4196078 -0.3882353 -0.6156863 -0.5450981 -0.4980392 -0.4823529 -0.4823529 -0.5529412 -0.7725490 -0.7725490 -0.7568628 -0.7882353 -0.7960784 -0.7960784 -0.7882353 -0.7333333 -0.6705883 -0.5921569 -0.4980392 -0.3333333 -0.1450980 -0.0509804 -0.1058823 -0.1450980 -0.1215686 -0.0745098 -0.0509804 -0.0980392 -0.2156863 

-0.8431373 -0.8666667 -0.8823529 -0.6549020 -0.4666666 -0.3568627 -0.2784314 -0.1921569 -0.1294118 -0.1215686 0.0196079 0.0666667 0.0666667 0.0509804 -0.0745098 0.1686275 0.2235295 0.0823530 0.2784314 0.2941177 0.3098040 0.2313726 0.0588236 0.2392157 0.2156863 0.3647059 0.4274510 0.4509804 0.3176471 0.3098040 0.3647059 0.3098040 0.3411765 0.4117647 0.4431373 0.3882353 0.3882353 0.3960785 0.4509804 0.4352942 
-0.8352941 -0.8666667 -0.8666667 -0.6078432 -0.4352941 -0.3411765 -0.2627451 -0.1529412 -0.1294118 -0.0745098 0.0352942 0.1294118 0.1607844 0.1450981 -0.0196078 0.2078432 0.1843138 0.1215687 0.3254902 0.3176471 0.3098040 0.2627451 0.1137255 0.3725491 0.3960785 0.4509804 0.4666667 0.4745098 0.4196079 0.3647059 0.3803922 0.3725491 0.3490196 0.3960785 0.3960785 0.4196079 0.4039216 0.4196079 0.4274510 0.3803922 
-0.8196079 -0.8588235 -0.8352941 -0.5764706 -0.4039215 -0.3019608 -0.2862745 -0.1921569 -0.1686274 -0.0352941 0.1137255 0.1294118 0.2078432 0.3019608 -0.0196078 0.1215687 0.0745099 0.1215687 0.2470589 0.2313726 0.2705883 0.3647059 0.2000000 0.4352942 0.5137255 0.4745098 0.4666667 0.4039216 0.3647059 0.3333334 0.3098040 0.3019608 0.3254902 0.3803922 0.4039216 0.4196079 0.4431373 0.4196079 0.3490196 0.3098040 
-0.8196079 -0.8588235 -0.8352941 -0.6000000 -0.4039215 -0.2627451 -0.2156863 -0.2000000 -0.1686274 -0.0117647 0.0196079 0.1058824 0.2078432 0.3098040 0.0666667 0.0666667 0.0901961 0.1058824 0.2313726 0.2470589 0.2000000 0.2235295 0.1137255 0.3803922 0.4431373 0.4274510 0.3490196 0.3254902 0.2392157 0.2549020 0.2549020 0.2235295 0.2784314 0.3803922 0.4196079 0.4117647 0.3960785 0.3882353 0.3176471 0.2941177 
-0.8117647 -0.8509804 -0.8666667 -0.6156863 -0.3960784 -0.2392157 -0.1686274 -0.1607843 -0.1058823 -0.0117647 -0.0352941 0.0274510 0.1215687 0.2470589 0.1529412 0.1529412 0.1529412 0.1372550 0.2549020 0.2392157 0.1764706 0.0745099 0.0509804 0.3254902 0.3333334 0.3411765 0.2470589 0.1372550 0.1921569 0.2784314 0.3254902 0.3490196 0.3647059 0.4039216 0.4196079 0.4117647 0.3725491 0.3333334 0.3254902 0.3098040 
-0.8196079 -0.8509804 -0.8745098 -0.6313726 -0.4117647 -0.2549019 -0.1764706 -0.1137255 -0.0588235 0.0196079 0.0509804 -0.0431373 0.0431373 0.2156863 0.1294118 0.2000000 0.2000000 0.2470589 0.3019608 0.3098040 0.2549020 0.0823530 0.0588236 0.2862746 0.2941177 0.2627451 0.2941177 0.2235295 0.2549020 0.3411765 0.4274510 0.4823530 0.4901961 0.4509804 0.4352942 0.4196079 0.3803922 0.3411765 0.3647059 0.3490196 
-0.8352941 -0.8352941 -0.8666667 -0.6078432 -0.3803921 -0.2862745 -0.2156863 -0.0901961 0.0352942 0.0980393 0.1294118 0.0588236 0.0431373 0.1294118 0.1294118 0.2313726 0.2549020 0.2627451 0.3098040 0.3568628 0.2941177 0.1450981 0.1294118 0.2549020 0.2470589 0.3725491 0.4823530 0.4666667 0.4039216 0.4509804 0.4745098 0.4745098 0.4823530 0.4823530 0.4588236 0.4431373 0.4117647 0.4117647 0.4196079 0.3960785 
-0.8509804 -0.8509804 -0.8509804 -0.5529412 -0.3803921 -0.3098039 -0.2784314 -0.1843137 -0.0901961 -0.1058823 -0.0431373 -0.0196078 -0.0431373 0.0509804 0.1607844 0.2392157 0.2549020 0.2705883 0.3333334 0.3490196 0.3490196 0.1607844 0.1058824 0.1450981 0.0352942 0.0745099 0.2000000 0.1921569 0.2078432 0.2078432 0.2313726 0.2235295 0.2627451 0.4039216 0.4745098 0.4588236 0.4666667 0.4901961 0.4745098 0.4588236 
-0.8588235 -0.8745098 -0.7960784 -0.5058824 -0.3725490 -0.3333333 -0.4117647 -0.4117647 -0.3960784 -0.3960784 -0.3568627 -0.3725490 -0.3647059 -0.1529412 0.0588236 0.1843138 0.2313726 0.2627451 0.3176471 0.3647059 0.3098040 0.1294118 0.0352942 0.0352942 -0.1058823 -0.2705882 -0.2549019 -0.2078431 -0.1450980 -0.1529412 -0.0352941 0.1450981 0.2078432 0.3411765 0.4274510 0.4745098 0.4980392 0.5294118 0.5372549 0.5137255 
-0.8431373 -0.8745098 -0.7411765 -0.4823529 -0.4431372 -0.4039215 -0.4196078 -0.4431372 -0.4431372 -0.3803921 -0.3803921 -0.3411765 -0.3411765 -0.2941176 -0.1372549 0.0431373 0.1686275 0.2235295 0.3019608 0.3647059 0.2862746 0.1450981 0.0509804 -0.0196078 -0.1764706 -0.1843137 -0.2156863 -0.2313725 -0.2313725 -0.2235294 -0.2156863 0.0196079 0.2235295 0.3019608 0.3019608 0.3882353 0.4274510 0.4980392 0.5215687 0.5215687 
-0.8509804 -0.8509804 -0.6235294 -0.4980392 -0.4666666 -0.4039215 -0.3490196 -0.2156863 -0.0745098 0.0117648 -0.0117647 -0.0666667 -0.1450980 -0.2627451 -0.2313725 -0.0980392 0.0352942 0.1215687 0.2784314 0.3803922 0.3019608 0.2784314 0.1764706 0.0196079 -0.0039216 -0.0352941 -0.0274510 -0.0117647 -0.0117647 -0.0274510 -0.0823529 -0.0196078 0.0901961 0.1607844 0.3411765 0.3490196 0.3647059 0.4666667 0.5137255 0.5529412 
-0.8588235 -0.8274510 -0.5294118 -0.4588235 -0.3803921 -0.3333333 -0.2078431 0.0431373 0.2470589 0.3254902 0.3019608 0.1450981 0.0196079 -0.1450980 -0.2470588 -0.2156863 -0.0823529 0.0196079 0.2000000 0.3882353 0.3725491 0.3490196 0.2470589 0.1294118 0.0274510 -0.0039216 -0.0431373 -0.0274510 0.0980393 0.1450981 0.1921569 0.2470589 0.1921569 0.2313726 0.3098040 0.4196079 0.4039216 0.4588236 0.5137255 0.5372549 
-0.8823529 -0.7803922 -0.4431372 -0.3725490 -0.2941176 -0.2470588 -0.0745098 0.0509804 0.0980393 0.1137255 0.2549020 0.2549020 0.1215687 -0.1294118 -0.2941176 -0.2784314 -0.1294118 0.0117648 0.1686275 0.3568628 0.4274510 0.4039216 0.2862746 0.1215687 0.0274510 -0.0039216 -0.2392157 -0.3882353 -0.4117647 -0.1372549 -0.0352941 0.0196079 0.0901961 0.2235295 0.3411765 0.4352942 0.4352942 0.4588236 0.5058824 0.5137255 
-0.8745098 -0.7254902 -0.3803921 -0.3019608 -0.2862745 -0.3568627 -0.5529412 -0.7176471 -0.8352941 -0.8039216 -0.4274510 -0.3960784 0.1921569 0.1058824 -0.1058823 -0.2941176 -0.2000000 -0.0117647 0.2862746 0.4509804 0.4588236 0.4431373 0.3803922 0.2078432 0.2392157 0.0509804 -0.6313726 -0.8980392 -0.7568628 -0.4588235 -0.7568628 -0.4352941 -0.2784314 -0.5215687 -0.3098039 -0.0666667 0.0980393 0.2705883 0.4431373 0.4901961 
-0.8823529 -0.6705883 -0.2941176 -0.1764706 -0.2627451 -0.5450981 -0.5764706 -0.6000000 -0.7568628 -0.7411765 -0.6862745 -0.1921569 0.0039216 0.0666667 0.2156863 -0.2784314 -0.2235294 -0.0745098 0.2784314 0.4666667 0.5058824 0.4980392 0.4352942 0.2705883 0.3882353 0.1686275 -0.3725490 -0.6156863 -0.7647059 -0.7411765 -0.5843138 -0.1137255 -0.0196078 0.0431373 0.1921569 0.2549020 0.2862746 0.3490196 0.4509804 0.5058824 
-0.8823529 -0.6313726 -0.2549019 -0.1215686 -0.1294118 -0.1294118 -0.0431373 0.0196079 0.0666667 0.1137255 0.1450981 0.1764706 0.2078432 0.3176471 0.0509804 -0.1686274 -0.1764706 -0.0823529 0.2549020 0.4901961 0.5372549 0.5529412 0.4666667 0.4117647 0.2705883 0.2235295 0.1215687 0.0509804 0.0980393 0.2235295 0.3803922 0.4588236 0.5058824 0.5764706 0.6078432 0.6000000 0.6000000 0.5843138 0.5686275 0.5529412 
-0.8745098 -0.6000000 -0.2705882 -0.1215686 0.0666667 0.2313726 0.2313726 0.1921569 0.2235295 0.2392157 0.2392157 0.2392157 0.3098040 0.2313726 -0.0274510 -0.1137255 -0.1372549 -0.0274510 0.3176471 0.5450981 0.5607843 0.5764706 0.5137255 0.4274510 0.3176471 0.1607844 0.1058824 0.0588236 0.0980393 0.2549020 0.3803922 0.4431373 0.4431373 0.4745098 0.5058824 0.5372549 0.5764706 0.5843138 0.5764706 0.5764706 
-0.8745098 -0.5764706 -0.3254902 -0.1058823 0.1294118 0.2470589 0.2705883 0.2156863 0.1764706 0.2156863 0.2470589 0.2941177 0.2313726 0.0431373 -0.0980392 -0.1294118 -0.1294118 0.0039216 0.3411765 0.5215687 0.5686275 0.5843138 0.5529412 0.4980392 0.4196079 0.3098040 0.2470589 0.2156863 0.1686275 0.1764706 0.2078432 0.2705883 0.2941177 0.4117647 0.5058824 0.5529412 0.5843138 0.5843138 0.5529412 0.5450981 
-0.8588235 -0.5529412 -0.3098039 -0.1058823 0.0901961 0.2156863 0.2941177 0.3019608 0.2784314 0.2862746 0.2784314 0.2156863 0.1294118 0.0117648 -0.1372549 -0.2000000 -0.1529412 0.1372550 0.4196079 0.5137255 0.5921569 0.6078432 0.5764706 0.5294118 0.4196079 0.3333334 0.2549020 0.2156863 0.2000000 0.1843138 0.1450981 0.2078432 0.3019608 0.4039216 0.4901961 0.5294118 0.5215687 0.5215687 0.5215687 0.5058824 
-0.8352941 -0.6078432 -0.3098039 -0.1215686 0.0352942 0.1607844 0.2313726 0.2627451 0.2392157 0.2549020 0.2705883 0.2156863 0.2235295 0.0588236 -0.2705882 -0.2784314 -0.0588235 0.3098040 0.4980392 0.5529412 0.6313726 0.6549020 0.6000000 0.5058824 0.4117647 0.3098040 0.2392157 0.1764706 0.1686275 0.1843138 0.1686275 0.2549020 0.3568628 0.4352942 0.4980392 0.4588236 0.4588236 0.4901961 0.5058824 0.4901961 
-0.8823529 -0.6235294 -0.3254902 -0.1921569 -0.0274510 0.0823530 0.1529412 0.2078432 0.2470589 0.3098040 0.3960785 0.3803922 0.3333334 -0.1529412 -0.4117647 -0.1921569 0.1764706 0.4980392 0.6000000 0.6235294 0.5843138 0.4666667 0.4666667 0.4352942 0.2862746 0.2156863 0.1921569 0.1529412 0.1843138 0.2549020 0.2862746 0.3333334 0.4274510 0.4980392 0.5294118 0.5137255 0.5137255 0.5058824 0.4980392 0.4901961 
-0.9058824 -0.6784314 -0.3803921 -0.2862745 -0.0745098 0.0588236 0.2000000 0.2862746 0.3647059 0.4509804 0.4823530 0.4901961 0.1372550 -0.3176470 -0.2941176 -0.0117647 0.3254902 0.5372549 0.6313726 0.6470588 0.5843138 0.4823530 0.4980392 0.3882353 0.2705883 0.1058824 0.0980393 0.1372550 0.2235295 0.3254902 0.3960785 0.4352942 0.4823530 0.5450981 0.5764706 0.5607843 0.5529412 0.5372549 0.5137255 0.4901961 
-0.8901961 -0.7333333 -0.4117647 -0.2941176 -0.0823529 0.0745099 0.2392157 0.3647059 0.4666667 0.4980392 0.5058824 0.3254902 -0.2078431 -0.1294118 -0.0901961 -0.0666667 0.2235295 0.4274510 0.4666667 0.4745098 0.5450981 0.6627451 0.6313726 0.5058824 0.3725491 0.0980393 0.0352942 0.1372550 0.2549020 0.3568628 0.4196079 0.4823530 0.5137255 0.5450981 0.5529412 0.5529412 0.5450981 0.5372549 0.5215687 0.4980392 
-0.8823529 -0.7960784 -0.4274510 -0.2470588 -0.0352941 0.1607844 0.2784314 0.4352942 0.5215687 0.4901961 0.3882353 0.0117648 -0.2470588 -0.2313725 -0.3019608 -0.3490196 -0.2313725 -0.0745098 -0.0196078 -0.0980392 -0.2078431 0.0745099 0.3019608 0.3254902 0.3647059 0.1294118 -0.1137255 0.0117648 0.2549020 0.3647059 0.4352942 0.4901961 0.5137255 0.5294118 0.5215687 0.5294118 0.5137255 0.5137255 0.5215687 0.5137255 
-0.8588235 -0.8196079 -0.4431372 -0.2313725 -0.0196078 0.1686275 0.3176471 0.4274510 0.4823530 0.4588236 0.2000000 -0.0823529 -0.1529412 -0.2078431 -0.3098039 -0.2627451 -0.0823529 0.0980393 0.0745099 0.2078432 0.3019608 0.3176471 0.4509804 0.5058824 0.4823530 0.3411765 -0.1058823 -0.1372549 0.2156863 0.4274510 0.4745098 0.4980392 0.4901961 0.5058824 0.5137255 0.5137255 0.5058824 0.4980392 0.5058824 0.4980392 
-0.8666667 -0.8431373 -0.4588235 -0.2470588 -0.0431373 0.1529412 0.2862746 0.3960785 0.5137255 0.4509804 0.2549020 -0.0196078 -0.0666667 -0.0509804 -0.0196078 0.1294118 0.3960785 0.4666667 0.1215687 0.2941177 0.4666667 0.5764706 0.5686275 0.5764706 0.5215687 0.5294118 0.1764706 -0.2000000 0.0588236 0.3333334 0.4509804 0.4823530 0.4745098 0.4980392 0.5215687 0.4980392 0.4901961 0.4823530 0.4745098 0.4745098 
-0.8431373 -0.8980392 -0.5137255 -0.2470588 -0.0588235 0.1294118 0.3254902 0.4666667 0.5215687 0.4509804 0.2784314 -0.0117647 -0.0980392 -0.0352941 0.0117648 0.1843138 0.4509804 0.2627451 0.0901961 0.3568628 0.5058824 0.4901961 0.4901961 0.5058824 0.4901961 0.4666667 0.3490196 -0.0274510 -0.0117647 0.2392157 0.4274510 0.4196079 0.4431373 0.4588236 0.4901961 0.4745098 0.4666667 0.4666667 0.4431373 0.4745098 
-0.8039216 -0.8901961 -0.6862745 -0.2627451 -0.1450980 0.0039216 0.2000000 0.3882353 0.4117647 0.4196079 0.2470589 -0.0588235 -0.0823529 -0.1215686 -0.2078431 -0.2000000 0.0196079 0.1843138 0.1529412 0.2156863 0.3490196 0.4274510 0.4509804 0.4431373 0.3960785 0.3411765 0.2470589 0.2000000 0.1058824 0.2235295 0.3647059 0.4196079 0.4274510 0.4352942 0.4666667 0.4509804 0.4352942 0.4431373 0.4666667 0.4666667 
-0.8352941 -0.8509804 -0.8039216 -0.3568627 -0.2078431 -0.0666667 0.1372550 0.2784314 0.3725491 0.3568628 0.2156863 -0.1372549 -0.2313725 -0.3725490 -0.4039215 -0.3882353 -0.3411765 -0.1450980 -0.1058823 -0.1764706 -0.2392157 -0.1686274 -0.0274510 0.1294118 0.1921569 0.1843138 0.0666667 0.1137255 0.1607844 0.2156863 0.3647059 0.4117647 0.4196079 0.4039216 0.4039216 0.3960785 0.3803922 0.4039216 0.4117647 0.4274510 
-0.8588235 -0.8274510 -0.9294118 -0.5843138 -0.2313725 -0.1137255 0.0509804 0.1686275 0.2941177 0.2941177 0.2549020 -0.0274510 -0.4039215 -0.5450981 -0.7490196 -0.7568628 -0.6313726 -0.6941177 -0.6235294 -0.6862745 -0.7019608 -0.6862745 -0.6784314 -0.6705883 -0.5529412 -0.4039215 -0.2078431 -0.0039216 0.1450981 0.2627451 0.3176471 0.3411765 0.3490196 0.3960785 0.3882353 0.3647059 0.3803922 0.3960785 0.4117647 0.4274510 
-0.8588235 -0.8588235 -0.8823529 -0.8117647 -0.3882353 -0.1843137 -0.0588235 0.1137255 0.2941177 0.3803922 0.3647059 0.1843138 -0.0117647 -0.3960784 -0.6000000 -0.6313726 -0.5294118 -0.4117647 -0.2862745 -0.2627451 -0.2549019 -0.1215686 -0.1294118 -0.2313725 -0.2392157 -0.0901961 -0.1921569 -0.2470588 0.0431373 0.2313726 0.2941177 0.3254902 0.3411765 0.3803922 0.3647059 0.3647059 0.3882353 0.4196079 0.4274510 0.4039216 
-0.8196079 -0.8588235 -0.8431373 -0.9450980 -0.6470588 -0.3490196 -0.2078431 -0.0039216 0.1529412 0.2705883 0.2862746 0.2549020 0.2313726 -0.0745098 -0.2627451 -0.2156863 -0.0745098 0.0509804 0.1372550 0.1450981 0.2000000 0.3333334 0.4196079 0.4509804 0.5137255 0.5372549 0.3411765 -0.0901961 -0.1764706 0.0352942 0.2000000 0.3098040 0.3176471 0.3098040 0.2705883 0.3647059 0.3725491 0.3490196 0.3098040 0.2627451 
-0.8117647 -0.8745098 -0.8431373 -0.5372549 -0.4431372 -0.4901960 -0.3960784 -0.2078431 -0.0509804 0.0745099 0.1294118 0.1529412 0.0823530 -0.0117647 -0.1372549 -0.1137255 -0.0196078 0.0274510 0.0274510 0.0901961 0.0823530 0.1843138 0.3019608 0.3098040 0.3647059 0.3960785 0.4352942 0.3333334 0.0039216 -0.0901961 0.0901961 0.2470589 0.2862746 0.2470589 0.2156863 0.2705883 0.2549020 0.1764706 0.1215687 0.0666667 
-0.7960784 -0.8588235 -0.4431372 -0.2470588 -0.3647059 -0.5137255 -0.5137255 -0.3960784 -0.2470588 -0.1215686 -0.0352941 -0.0117647 -0.0745098 -0.0431373 -0.0039216 -0.0352941 -0.0274510 -0.0117647 0.0196079 0.0823530 0.0509804 0.0039216 0.0823530 0.2313726 0.3647059 0.3960785 0.4196079 0.4117647 0.3098040 0.1215687 0.0196079 0.0980393 0.1137255 0.1215687 0.0980393 0.0431373 0.0117648 -0.0666667 -0.1215686 -0.2313725 
-0.8666667 -0.4117647 -0.1215686 -0.3647059 -0.4431372 -0.5137255 -0.3725490 -0.4901960 -0.4980392 -0.3490196 -0.2470588 -0.2078431 -0.1529412 -0.0745098 0.0666667 0.1372550 0.2470589 0.3490196 0.3960785 0.3960785 0.4431373 0.3568628 0.3098040 0.3490196 0.3568628 0.4509804 0.4666667 0.4196079 0.3568628 0.2156863 0.0980393 -0.0117647 -0.0509804 -0.0745098 -0.1764706 -0.2235294 -0.2549019 -0.3411765 -0.4745098 -0.5686275 
-0.3568627 -0.1686274 -0.3647059 -0.4509804 -0.5372549 -0.4274510 -0.2941176 -0.5607843 -0.6078432 -0.4196078 -0.4039215 -0.3333333 -0.3411765 -0.1843137 -0.0039216 0.1058824 0.2941177 0.3882353 0.4117647 0.4431373 0.4745098 0.4509804 0.4823530 0.4823530 0.4588236 0.4666667 0.4666667 0.4117647 0.2941177 0.1215687 -0.0509804 -0.2156863 -0.2784314 -0.3176470 -0.3725490 -0.4196078 -0.5137255 -0.5843138 -0.5529412 -0.3960784 
0.0588236 0.0745099 -0.1294118 -0.3882353 -0.2784314 -0.1058823 -0.3019608 -0.6078432 -0.5215687 -0.2941176 -0.5921569 -0.4509804 -0.4274510 -0.3647059 -0.2000000 0.0117648 0.2078432 0.3019608 0.3333334 0.3254902 0.3803922 0.4039216 0.4431373 0.4745098 0.4901961 0.4352942 0.3960785 0.2941177 0.0666667 -0.1607843 -0.3647059 -0.4196078 -0.4431372 -0.4901960 -0.5529412 -0.6000000 -0.5294118 -0.3411765 -0.1921569 -0.1686274 
-0.0352941 0.1372550 0.3725491 0.1607844 0.1843138 0.0274510 -0.4196078 -0.4666666 -0.3254902 -0.2705882 -0.6392157 -0.4274510 -0.5058824 -0.6000000 -0.4039215 -0.2313725 -0.1215686 0.0431373 0.1372550 0.1450981 0.1607844 0.2392157 0.3176471 0.3019608 0.3019608 0.2470589 0.0745099 -0.1607843 -0.3882353 -0.4901960 -0.5294118 -0.5843138 -0.6392157 -0.6235294 -0.4745098 -0.2627451 -0.0901961 -0.0666667 -0.1058823 -0.1372549 
-0.1372549 -0.0666667 0.4039216 0.4196079 0.3254902 0.0039216 -0.3098039 -0.2000000 -0.2078431 -0.2549019 -0.5607843 -0.4274510 -0.4980392 -0.6470588 -0.6784314 -0.5294118 -0.3725490 -0.3568627 -0.2941176 -0.2470588 -0.2627451 -0.2470588 -0.2549019 -0.2705882 -0.3098039 -0.4196078 -0.5450981 -0.6392157 -0.6627451 -0.6705883 -0.6235294 -0.5450981 -0.3725490 -0.1607843 -0.0901961 -0.0666667 -0.0431373 -0.0509804 -0.0745098 -0.1607843 
-0.4274510 -0.1921569 0.2156863 0.4980392 0.4039216 0.0196079 -0.1137255 -0.0509804 -0.0901961 -0.2156863 -0.5450981 -0.4196078 -0.3882353 -0.6156863 -0.5450981 -0.4980392 -0.4823529 -0.4823529 -0.5529412 -0.7725490 -0.7725490 -0.7568628 -0.7882353 -0.7960784 -0.7960784 -0.7882353 -0.7333333 -0.6705883 -0.5921569 -0.4980392 -0.3333333 -0.1450980 -0.0509804 -0.1058823 -0.1450980 -0.1215686 -0.0745098 -0.0509804 -0.0980392 -0.2156863 

-0.8431373 -0.8666667 -0.8823529 -0.6549020 -0.4666666 -0.3568627 -0.2784314 -0.1921569 -0.1294118 -0.1215686 0.0196079 0.0666667 0.0666667 0.0509804 -0.0745098 0.1686275 0.2235295 0.0823530 0.2784314 0.2941177 0.3098040 0.2313726 0.0588236 0.2392157 0.2156863 0.3647059 0.4274510 0.4509804 0.3176471 0.3098040 0.3647059 0.3098040 0.3411765 0.4117647 0.4431373 0.3882353 0.3882353 0.3960785 0.4509804 0.4352942 
-0.8352941 -0.8666667 -0.8666667 -0.6078432 -0.4352941 -0.3411765 -0.2627451 -0.1529412 -0.1294118 -0.0745098 0.0352942 0.1294118 0.1607844 0.1450981 -0.0196078 0.2078432 0.1843138 0.1215687 0.3254902 0.3176471 0.3098040 0.2627451 0.1137255 0.3725491 0.3960785 0.4509804 0.4666667 0.4745098 0.4196079 0.3647059 0.3803922 0.3725491 0.3490196 0.3960785 0.3960785 0.4196079 0.4039216 0.4196079 0.4274510 0.3803922 
-0.8196079 -0.8588235 -0.8352941 -0.5764706 -0.4039215 -0.3019608 -0.2862745 -0.1921569 -0.1686274 -0.0352941 0.1137255 0.1294118 0.2078432 0.3019608 -0.0196078 0.1215687 0.0745099 0.1215687 0.2470589 0.2313726 0.2705883 0.3647059 0.2000000 0.4352942 0.5137255 0.4745098 0.4666667 0.4039216 0.3647059 0.3333334 0.3098040 0.3019608 0.3254902 0.3803922 0.4039216 0.4196079 0.4431373 0.4196079 0.3490196 0.3098040 
-0.8196079 -0.8588235 -0.8352941 -0.6000000 -0.4039215 -0.2627451 -0.2156863 -0.2000000 -0.1686274 -0.0117647 0.0196079 0.1058824 0.2078432 0.3098040 0.0666667 0.0666667 0.0901961 0.1058824 0.2313726 0.2470589 0.2000000 0.2235295 0.1137255 0.3803922 0.4431373 0.4274510 0.3490196 0.3254902 0.2392157 0.2549020 0.2549020 0.2235295 0.2784314 0.3803922 0.4196079 0.4117647 0.3960785 0.3882353 0.3176471 0.2941177 
-0.8117647 -0.8509804 -0.8666667 -0.6156863 -0.3960784 -0.2392157 -0.1686274 -0.1607843 -0.1058823 -0.0117647 -0.0352941 0.0274510 0.1215687 0.2470589 0.1529412 0.1529412 0.1529412 0.1372550 0.2549020 0.2392157 0.1764706 0.0745099 0.0509804 0.3254902 0.3333334 0.3411765 0.2470589 0.1372550 0.1921569 0.2784314 0.3254902 0.3490196 0.3647059 0.4039216 0.4196079 0.4117647 0.3725491 0.3333334 0.3254902 0.3098040 
-0.8196079 -0.8509804 -0.8745098 -0.6313726 -0.4117647 -0.2549019 -0.1764706 -0.1137255 -0.0588235 0.0196079 0.0509804 -0.0431373 0.0431373 0.2156863 0.1294118 0.2000000 0.2000000 0.2470589 0.3019608 0.3098040 0.2549020 0.0823530 0.0588236 0.2862746 0.2941177 0.2627451 0.2941177 0.2235295 0.2549020 0.3411765 0.4274510 0.4823530 0.4901961 0.4509804 0.4352942 0.4196079 0.3803922 0.3411765 0.3647059 0.3490196 
-0.8352941 -0.8352941 -0.8666667 -0.6078432 -0.3803921 -0.2862745 -0.2156863 -0.0901961 0.0352942 0.0980393 0.1294118 0.0588236 0.0431373 0.1294118 0.1294118 0.2313726 0.2549020 0.2627451 0.3098040 0.3568628 0.2941177 0.1450981 0.1294118 0.2549020 0.2470589 0.3725491 0.4823530 0.4666667 0.4039216 0.4509804 0.4745098 0.4745098 0.4823530 0.4823530 0.4588236 0.4431373 0.4117647 0.4117647 0.4196079 0.3960785 
-0.8509804 -0.8509804 -0.8509804 -0.5529412 -0.3803921 -0.3098039 -0.2784314 -0.1843137 -0.0901961 -0.1058823 -0.0431373 -0.0196078 -0.0431373 0.0509804 0.1607844 0.2392157 0.2549020 0.2705883 0.3333334 0.3490196 0.3490196 0.1607844 0.1058824 0.1450981 0.0352942 0.0745099 0.2000000 0.1921569 0.2078432 0.2078432 0.2313726 0.2235295 0.2627451 0.4039216 0.4745098 0.4588236 0.4666667 0.4901961 0.4745098 0.4588236 
-0.8588235 -0.8745098 -0.7960784 -0.5058824 -0.3725490 -0.3333333 -0.4117647 -0.4117647 -0.3960784 -0.3960784 -0.3568627 -0.3725490 -0.3647059 -0.1529412 0.0588236 0.1843138 0.2313726 0.2627451 0.3176471 0.3647059 0.3098040 0.1294118 0.0352942 0.0352942 -0.1058823 -0.2705882 -0.2549019 -0.2078431 -0.1450980 -0.1529412 -0.0352941 0.1450981 0.2078432 0.3411765 0.4274510 0.4745098 0.4980392 0.5294118 0.5372549 0.5137255 
-0.8431373 -0.8745098 -0.7411765 -0.4823529 -0.4431372 -0.4039215 -0.4196078 -0.4431372 -0.4431372 -0.3803921 -0.3803921 -0.3411765 -0.3411765 -0.2941176 -0.1372549 0.0431373 0.1686275 0.2235295 0.3019608 0.3647059 0.2862746 0.1450981 0.0509804 -0.0196078 -0.1764706 -0.1843137 -0.2156863 -0.2313725 -0.2313725 -0.2235294 -0.2156863 0.0196079 0.2235295 0.3019608 0.3019608 0.3882353 0.4274510 0.4980392 0.5215687 0.5215687 
-0.8509804 -0.8509804 -0.6235294 -0.4980392 -0.4666666 -0.4039215 -0.3490196 -0.2156863 -0.0745098 0.0117648 -0.0117647 -0.0666667 -0.1450980 -0.2627451 -0.2313725 -0.0980392 0.0352942 0.1215687 0.2784314 0.3803922 0.3019608 0.2784314 0.1764706 0.0196079 -0.0039216 -0.0352941 -0.0274510 -0.0117647 -0.0117647 -0.0274510 -0.0823529 -0.0196078 0.0901961 0.1607844 0.3411765 0.3490196 0.3647059 0.4666667 0.5137255 0.5529412 
-0.8588235 -0.8274510 -0.5294118 -0.4588235 -0.3803921 -0.3333333 -0.2078431 0.0431373 0.2470589 0.3254902 0.3019608 0.1450981 0.0196079 -0.1450980 -0.2470588 -0.2156863 -0.0823529 0.0196079 0.2000000 0.3882353 0.3725491 0.3490196 0.2470589 0.1294118 0.0274510 -0.0039216 -0.0431373 -0.0274510 0.0980393 0.1450981 0.1921569 0.2470589 0.1921569 0.2313726 0.3098040 0.4196079 0.4039216 0.4588236 0.5137255 0.5372549 
-0.8823529 -0.7803922 -0.4431372 -0.3725490 -0.2941176 -0.2470588 -0.0745098 0.0509804 0.0980393 0.1137255 0.2549020 0.2549020 0.1215687 -0.1294118 -0.2941176 -0.2784314 -0.1294118 0.0117648 0.1686275 0.3568628 0.4274510 0.4039216 0.2862746 0.1215687 0.0274510 -0.0039216 -0.2392157 -0.3882353 -0.4117647 -0.1372549 -0.0352941 0.0196079 0.0901961 0.2235295 0.3411765 0.4352942 0.4352942 0.4588236 0.5058824 0.5137255 
-0.8745098 -0.7254902 -0.3803921 -0.3019608 -0.2862745 -0.3568627 -0.5529412 -0.7176471 -0.8352941 -0.8039216 -0.4274510 -0.3960784 0.1921569 0.1058824 -0.1058823 -0.2941176 -0.2000000 -0.0117647 0.2862746 0.4509804 0.4588236 0.4431373 0.3803922 0.2078432 0.2392157 0.0509804 -0.6313726 -0.8980392 -0.7568628 -0.4588235 -0.7568628 -0.4352941 -0.2784314 -0.5215687 -0.3098039 -0.0666667 0.0980393 0.2705883 0.4431373 0.4901961 
-0.8823529 -0.6705883 -0.2941176 -0.1764706 -0.2627451 -0.5450981 -0.5764706 -0.6000000 -0.7568628 -0.7411765 -0.6862745 -0.1921569 0.0039216 0.0666667 0.2156863 -0.2784314 -0.2235294 -0.0745098 0.2784314 0.4666667 0.5058824 0.4980392 0.4352942 0.2705883 0.3882353 0.1686275 -0.3725490 -0.6156863 -0.7647059 -0.7411765 -0.5843138 -0.1137255 -0.0196078 0.0431373 0.1921569 0.2549020 0.2862746 0.3490196 0.4509804 0.5058824 
-0.8823529 -0.6313726 -0.2549019 -0.1215686 -0.1294118 -0.1294118 -0.0431373 0.0196079 0.0666667 0.1137255 0.1450981 0.1764706 0.2078432 0.3176471 0.0509804 -0.1686274 -0.1764706 -0.0823529 0.2549020 0.4901961 0.5372549 0.5529412 0.4666667 0.4117647 0.2705883 0.2235295 0.1215687 0.0509804 0.0980393 0.2235295 0.3803922 0.4588236 0.5058824 0.5764706 0.6078432 0.6000000 0.6000000 0.5843138 0.5686275 0.5529412 
-0.8745098 -0.6000000 -0.2705882 -0.1215686 0.0666667 0.2313726 0.2313726 0.1921569 0.2235295 0.2392157 0.2392157 0.2392157 0.3098040 0.2313726 -0.0274510 -0.1137255 -0.1372549 -0.0274510 0.3176471 0.5450981 0.5607843 0.5764706 0.5137255 0.4274510 0.3176471 0.1607844 0.1058824 0.0588236 0.0980393 0.2549020 0.3803922 0.4431373 0.4431373 0.4745098 0.5058824 0.5372549 0.5764706 0.5843138 0.5764706 0.5764706 
-0.8745098 -0.5764706 -0.3254902 -0.1058823 0.1294118 0.2470589 0.2705883 0.2156863 0.1764706 0.2156863 0.2470589 0.2941177 0.2313726 0.0431373 -0.0980392 -0.1294118 -0.1294118 0.0039216 0.3411765 0.5215687 0.5686275 0.5843138 0.5529412 0.4980392 0.4196079 0.3098040 0.2470589 0.2156863 0.1686275 0.1764706 0.2078432 0.2705883 0.2941177 0.4117647 0.5058824 0.5529412 0.5843138 0.5843138 0.5529412 0.5450981 
-0.8588235 -0.5529412 -0.3098039 -0.1058823 0.0901961 0.2156863 0.2941177 0.3019608 0.2784314 0.2862746 0.2784314 0.2156863 0.1294118 0.0117648 -0.1372549 -0.2000000 -0.1529412 0.1372550 0.4196079 0.5137255 0.5921569 0.6078432 0.5764706 0.5294118 0.4196079 0.3333334 0.2549020 0.2156863 0.2000000 0.1843138 0.1450981 0.2078432 0.3019608 0.4039216 0.4901961 0.5294118 0.5215687 0.5215687 0.5215687 0.5058824 
-0.8352941 -0.6078432 -0.3098039 -0.1215686 0.0352942 0.1607844 0.2313726 0.2627451 0.2392157 0.2549020 0.2705883 0.2156863 0.2235295 0.0588236 -0.2705882 -0.2784314 -0.0588235 0.3098040 0.4980392 0.5529412 0.6313726 0.6549020 0.6000000 0.5058824 0.4117647 0.3098040 0.2392157 0.1764706 0.1686275 0.1843138 0.1686275 0.2549020 0.3568628 0.4352942 0.4980392 0.4588236 0.4588236 0.4901961 0.5058824 0.4901961 
-0.8823529 -0.6235294 -0.3254902 -0.1921569 -0.0274510 0.0823530 0.1529412 0.2078432 0.2470589 0.3098040 0.3960785 0.3803922 0.3333334 -0.1529412 -0.4117647 -0.1921569 0.1764706 0.4980392 0.6000000 0.6235294 0.5843138 0.4666667 0.4666667 0.4352942 0.2862746 0.2156863 0.1921569 0.1529412 0.1843138 0.2549020 0.2862746 0.3333334 0.4274510 0.4980392 0.5294118 0.5137255 0.5137255 0.5058824 0.4980392 0.4901961 
-0.9058824 -0.6784314 -0.3803921 -0.2862745 -0.0745098 0.0588236 0.2000000 0.2862746 0.3647059 0.4509804 0.4823530 0.4901961 0.1372550 -0.3176470 -0.2941176 -0.0117647 0.3254902 0.5372549 0.6313726 0.6470588 0.5843138 0.4823530 0.4980392 0.3882353 0.2705883 0.1058824 0.0980393 0.1372550 0.2235295 0.3254902 0.3960785 0.4352942 0.4823530 0.5450981 0.5764706 0.5607843 0.5529412 0.5372549 0.5137255 0.4901961 
-0.8901961 -0.7333333 -0.4117647 -0.2941176 -0.0823529 0.0745099 0.2392157 0.3647059 0.4666667 0.4980392 0.5058824 0.3254902 -0.2078431 -0.1294118 -0.0901961 -0.0666667 0.2235295 0.4274510 0.4666667 0.4745098 0.5450981 0.6627451 0.6313726 0.5058824 0.3725491 0.0980393 0.0352942 0.1372550 0.2549020 0.3568628 0.4196079 0.4823530 0.5137255 0.5450981 0.5529412 0.5529412 0.5450981 0.5372549 0.5215687 0.4980392 
-0.8823529 -0.7960784 -0.4274510 -0.2470588 -0.0352941 0.1607844 0.2784314 0.4352942 0.5215687 0.4901961 0.3882353 0.0117648 -0.2470588 -0.2313725 -0.3019608 -0.3490196 -0.2313725 -0.0745098 -0.0196078 -0.0980392 -0.2078431 0.0745099 0.3019608 0.3254902 0.3647059 0.1294118 -0.1137255 0.0117648 0.2549020 0.3647059 0.4352942 0.4901961 0.5137255 0.5294118 0.5215687 0.5294118 0.5137255 0.5137255 0.5215687 0.5137255 
-0.8588235 -0.8196079 -0.4431372 -0.2313725 -0.0196078 0.1686275 0.3176471 0.4274510 0.4823530 0.4588236 0.2000000 -0.0823529 -0.1529412 -0.2078431 -0.3098039 -0.2627451 -0.0823529 0.0980393 0.0745099 0.2078432 0.3019608 0.3176471 0.4509804 0.5058824 0.4823530 0.3411765 -0.1058823 -0.1372549 0.2156863 0.4274510 0.4745098 0.4980392 0.4901961 0.5058824 0.5137255 0.5137255 0.5058824 0.4980392 0.5058824 0.4980392 
-0.8666667 -0.8431373 -0.4588235 -0.2470588 -0.0431373 0.1529412 0.2862746 0.3960785 0.5137255 0.4509804 0.2549020 -0.0196078 -0.0666667 -0.0509804 -0.0196078 0.1294118 0.3960785 0.4666667 0.1215687 0.2941177 0.4666667 0.5764706 0.5686275 0.5764706 0.5215687 0.5294118 0.1764706 -0.2000000 0.0588236 0.3333334 0.4509804 0.4823530 0.4745098 0.4980392 0.5215687 0.4980392 0.4901961 0.4823530 0.4745098 0.4745098 
-0.8431373 -0.8980392 -0.5137255 -0.2470588 -0.0588235 0.1294118 0.3254902 0.4666667 0.5215687 0.4509804 0.2784314 -0.0117647 -0.0980392 -0.0352941 0.0117648 0.1843138 0.4509804 0.2627451 0.0901961 0.3568628 0.5058824 0.4901961 0.4901961 0.5058824 0.4901961 0.4666667 0.3490196 -0.0274510 -0.0117647 0.2392157 0.4274510 0.4196079 0.4431373 0.4588236 0.4901961 0.4745098 0.4666667 0.4666667 0.4431373 0.4745098 
-0.8039216 -0.8901961 -0.6862745 -0.2627451 -0.1450980 0.0039216 0.2000000 0.3882353 0.4117647 0.4196079 0.2470589 -0.0588235 -0.0823529 -0.1215686 -0.2078431 -0.2000000 0.0196079 0.1843138 0.1529412 0.2156863 0.3490196 0.4274510 0.4509804 0.4431373 0.3960785 0.3411765 0.2470589 0.2000000 0.1058824 0.2235295 0.3647059 0.4196079 0.4274510 0.4352942 0.4666667 0.4509804 0.4352942 0.4431373 0.4666667 0.4666667 
-0.8352941 -0.8509804 -0.8039216 -0.3568627 -0.2078431 -0.0666667 0.1372550 0.2784314 0.3725491 0.3568628 0.2156863 -0.1372549 -0.2313725 -0.3725490 -0.4039215 -0.3882353 -0.3411765 -0.1450980 -0.1058823 -0.1764706 -0.2392157 -0.1686274 -0.0274510 0.1294118 0.1921569 0.1843138 0.0666667 0.1137255 0.1607844 0.2156863 0.3647059 0.4117647 0.4196079 0.4039216 0.4039216 0.3960785 0.3803922 0.4039216 0.4117647 0.4274510 
-0.8588235 -0.8274510 -0.9294118 -0.5843138 -0.2313725 -0.1137255 0.0509804 0.1686275 0.2941177 0.2941177 0.2549020 -0.0274510 -0.4039215 -0.5450981 -0.7490196 -0.7568628 -0.6313726 -0.6941177 -0.6235294 -0.6862745 -0.7019608 -0.6862745 -0.6784314 -0.6705883 -0.5529412 -0.4039215 -0.2078431 -0.0039216 0.1450981 0.2627451 0.3176471 0.3411765 0.3490196 0.3960785 0.3882353 0.3647059 0.3803922 0.3960785 0.4117647 0.4274510 
-0.8588235 -0.8588235 -0.8823529 -0.8117647 -0.3882353 -0.1843137 -0.0588235 0.1137255 0.2941177 0.3803922 0.3647059 0.1843138 -0.0117647 -0.3960784 -0.6000000 -0.6313726 -0.5294118 -0.4117647 -0.2862745 -0.2627451 -0.2549019 -0.1215686 -0.1294118 -0.2313725 -0.2392157 -0.0901961 -0.1921569 -0.2470588 0.0431373 0.2313726 0.2941177 0.3254902 0.3411765 0.3803922 0.3647059 0.3647059 0.3882353 0.4196079 0.4274510 0.4039216 
-0.8196079 -0.8588235 -0.8431373 -0.9450980 -0.6470588 -0.3490196 -0.2078431 -0.0039216 0.1529412 0.2705883 0.2862746 0.2549020 0.2313726 -0.0745098 -0.2627451 -0.2156863 -0.0745098 0.0509804 0.1372550 0.1450981 0.2000000 0.3333334 0.4196079 0.4509804 0.5137255 0.5372549 0.3411765 -0.0901961 -0.1764706 0.0352942 0.2000000 0.3098040 0.3176471 0.3098040 0.2705883 0.3647059 0.3725491 0.3490196 0.3098040 0.2627451 
-0.8117647 -0.8745098 -0.8431373 -0.5372549 -0.4431372 -0.4901960 -0.3960784 -0.2078431 -0.0509804 0.0745099 0.1294118 0.1529412 0.0823530 -0.0117647 -0.1372549 -0.1137255 -0.0196078 0.0274510 0.0274510 0.0901961 0.0823530 0.1843138 0.3019608 0.3098040 0.3647059 0.3960785 0.4352942 0.3333334 0.0039216 -0.0901961 0.0901961 0.2470589 0.2862746 0.2470589 0.2156863 0.2705883 0.2549020 0.1764706 0.1215687 0.0666667 
-0.7960784 -0.8588235 -0.4431372 -0.2470588 -0.3647059 -0.5137255 -0.5137255 -0.3960784 -0.2470588 -0.1215686 -0.0352941 -0.0117647 -0.0745098 -0.0431373 -0.0039216 -0.0352941 -0.0274510 -0.0117647 0.0196079 0.0823530 0.0509804 0.0039216 0.0823530 0.2313726 0.3647059 0.3960785 0.4196079 0.4117647 0.3098040 0.1215687 0.0196079 0.0980393 0.1137255 0.1215687 0.0980393 0.0431373 0.0117648 -0.0666667 -0.1215686 -0.2313725 
-0.8666667 -0.4117647 -0.1215686 -0.3647059 -0.4431372 -0.5137255 -0.3725490 -0.4901960 -0.4980392 -0.3490196 -0.2470588 -0.2078431 -0.1529412 -0.0745098 0.0666667 0.1372550 0.2470589 0.3490196 0.3960785 0.3960785 0.4431373 0.3568628 0.3098040 0.3490196 0.3568628 0.4509804 0.4666667 0.4196079 0.3568628 0.2156863 0.0980393 -0.0117647 -0.0509804 -0.0745098 -0.1764706 -0.2235294 -0.2549019 -0.3411765 -0.4745098 -0.5686275 
-0.3568627 -0.1686274 -0.3647059 -0.4509804 -0.5372549 -0.4274510 -0.2941176 -0.5607843 -0.6078432 -0.4196078 -0.4039215 -0.3333333 -0.3411765 -0.1843137 -0.0039216 0.1058824 0.2941177 0.3882353 0.4117647 0.4431373 0.4745098 0.4509804 0.4823530 0.4823530 0.4588236 0.4666667 0.4666667 0.4117647 0.2941177 0.1215687 -0.0509804 -0.2156863 -0.2784314 -0.3176470 -0.3725490 -0.4196078 -0.5137255 -0.5843138 -0.5529412 -0.3960784 
0.0588236 0.0745099 -0.1294118 -0.3882353 -0.2784314 -0.1058823 -0.3019608 -0.6078432 -0.5215687 -0.2941176 -0.5921569 -0.4509804 -0.4274510 -0.3647059 -0.2000000 0.0117648 0.2078432 0.3019608 0.3333334 0.3254902 0.3803922 0.4039216 0.4431373 0.4745098 0.4901961 0.4352942 0.3960785 0.2941177 0.0666667 -0.1607843 -0.3647059 -0.4196078 -0.4431372 -0.4901960 -0.5529412 -0.6000000 -0.5294118 -0.3411765 -0.1921569 -0.1686274 
-0.0352941 0.1372550 0.3725491 0.1607844 0.1843138 0.0274510 -0.4196078 -0.4666666 -0.3254902 -0.2705882 -0.6392157 -0.4274510 -0.5058824 -0.6000000 -0.4039215 -0.2313725 -0.1215686 0.0431373 0.1372550 0.1450981 0.1607844 0.2392157 0.3176471 0.3019608 0.3019608 0.2470589 0.0745099 -0.1607843 -0.3882353 -0.4901960 -0.5294118 -0.5843138 -0.6392157 -0.6235294 -0.4745098 -0.2627451 -0.0901961 -0.0666667 -0.1058823 -0.1372549 
-0.1372549 -0.0666667 0.4039216 0.4196079 0.3254902 0.0039216 -0.3098039 -0.2000000 -0.2078431 -0.2549019 -0.5607843 -0.4274510 -0.4980392 -0.6470588 -0.6784314 -0.5294118 -0.3725490 -0.3568627 -0.2941176 -0.2470588 -0.2627451 -0.2470588 -0.2549019 -0.2705882 -0.3098039 -0.4196078 -0.5450981 -0.6392157 -0.6627451 -0.6705883 -0.6235294 -0.5450981 -0.3725490 -0.1607843 -0.0901961 -0.0666667 -0.0431373 -0.0509804 -0.0745098 -0.1607843 
-0.4274510 -0.1921569 0.2156863 0.4980392 0.4039216 0.0196079 -0.1137255 -0.0509804 -0.0901961 -0.2156863 -0.5450981 -0.4196078 -0.3882353 -0.6156863 -0.5450981 -0.4980392 -0.4823529 -0.4823529 -0.5529412 -0.7725490 -0.7725490 -0.7568628 -0.7882353 -0.7960784 -0.7960784 -0.7882353 -0.7333333 -0.6705883 -0.5921569 -0.4980392 -0.3333333 -0.1450980 -0.0509804 -0.1058823 -0.1450980 -0.1215686 -0.0745098 -0.0509804 -0.0980392 -0.2156863 

