0.3490514 0.4821485 0.5493034 0.8319336 0.7609403 
0.9617198 1.0761482 0.4543985 1.0613734 0.9543403 
0.4817567 0.5893192 1.1365253 0.5032296 0.4625373 
0.4184137 0.6262147 1.1302583 1.1438599 0.4858188 
0.8157902 0.4031647 0.7916715 0.8105705 0.4717390 

0.5615878 0.3895121 0.4317934 0.3079458 0.3097774 
0.6540949 1.1980436 0.5677944 1.0782477 0.7549069 
0.7028031 0.6299084 0.6738359 0.3891557 0.2576303 
0.9257152 0.5082418 0.9132107 1.0424691 0.1141789 
1.0421885 0.7473371 0.6851760 0.6936798 0.9019320 

1.4026046 0.5416358 0.3951556 0.3707793 0.2463720 
1.4691275 1.0254252 0.4841888 1.5540854 0.7481045 
1.4276798 0.9499603 0.3125374 0.5030458 0.1791605 
1.4163103 0.8404300 0.8310652 0.7960467 0.1485516 
1.6575902 0.9230354 0.6997606 0.7989615 0.5290527 

1.9228637 0.5565243 0.6042247 0.7085084 0.9888127 
1.7851442 1.2090057 0.7025310 1.7004235 1.0763887 
1.6403276 1.5891448 0.7303224 0.9170765 1.1763414 
1.7937460 1.1983287 0.9271802 1.0058364 1.0768001 
1.7672025 0.7296970 1.1673874 1.5361282 0.9325666 

0.7008303 0.8297321 0.7034756 0.6983523 0.9745172 
0.9688092 1.0737621 0.6780367 1.5879436 1.1281743 
0.4826331 1.1819124 0.8885140 0.9106100 1.1725188 
0.5755999 1.0158235 0.9493949 1.1512936 1.0921385 
0.9954952 1.0772130 0.9317024 1.0322617 0.8721620 

1.0334984 0.0000000 0.0000000 0.0000000 0.0000000 
0.6936278 0.8629572 0.0000000 0.6663095 0.8754500 
0.2865154 0.2101048 0.7554600 0.0000000 0.0000000 
0.1407615 0.2200449 0.8039001 0.6246340 0.0000000 
0.2601594 0.0685074 0.6799362 0.5292396 0.1611136 

1.1255211 0.1944965 0.0000000 0.0000000 0.0000000 
0.9942016 1.0024573 0.1984498 0.9166818 0.5410910 
0.8043178 0.3411817 0.3223040 0.0000000 0.0000000 
1.0549939 0.8652869 0.8866260 0.7446951 0.0000000 
1.0045036 0.7268366 0.9684321 0.9783305 0.7779430 

0.1677119 0.2673804 0.4598629 0.5847139 0.4763383 
1.1591427 1.2783772 0.2208604 1.4975225 1.3511536 
0.4205408 0.2973192 0.4602953 0.2358786 0.1769733 
0.1988041 0.7498915 1.5659441 1.4803681 0.1603009 
0.8776476 0.9448544 0.6978823 1.0076264 0.7187124 

